082276423375
082276627462
085355303032
082278754746
082346789556
0821465973154
821346195463
821457691523
082184647447
082276858587
085182973805
82134697546
082275592318
085183723972
082294069302
82164577846
82164378594
82147596321
82165592346
822467958638
82164335782
085137417351
085261538004
085134577832
081371327402
081364885526
085184146671
082163223452
085137417359
082267218060
082267027646
82174125836
82236978521
82146953628
82246958856
82246911362
85264316589
85269321478
82345897682
8536945728
082276557502
085134577780
085142236384
082276872254
085134150633
085142549849
082281379407
085137417350
085183898861
085360038412
82254636985
82214444852
8532146985
82154588869
82148597668
85264856934
82178946852
85214859632
82269584723
82154685996
085182940876
082276417663
085180570794
085381288190
082275204597
081360368961
085363134767
82146978536
85269457823
82146985692
85326956842
82196358476
89636557585
89632478956
89563285695
85236518742
83172869856
83821996536
82174859632
89562348157
89653467852
82264798536
89631648795
82243112946
83145721965
85348759632
82214679582
89564321458
82314785236
82164643280
89653214785
82146589052
82134861897
83177258421
85612587637
81373519873
81296453871
85643521489
831771254871
85643215742
83812564381
85623452191
85643125487
856435421981
82147698563
82147412586
838156489732
85631254671
82138425175
82154631254
85265321489
85612354898
83177564396
83177595643
83896499112
83899178911
81379654218
83897546321
85678493128
85621396458
85641752193
83865468971
81254698718
853125489791
85464559452
88456943592
82314569872
86452935624
85462913564
85612975463
85945672894
85945628756
85648523975
85649254862
85642563756
85642587954
85627854523
85627845692
85648564123
85467954456
85469731524
85465435789
85467231285
85467928795
85462189546
85465364859
85463558958
85461237894
85615896472
812465218964
81396238542
838568962471
85236479851
82198745216
896421598763
89677125648
85634138421
81396472513
856423698752
85835481257
85236974802
85696478051
83847256813
85289670852
89634521084
81363218759
89542369742
89507423151
89688012541
89665532487
89677564801
82175682314
82354239799
85467845564
85462579538
85469546536
85467895546
85468554693
85648794356
85467932255
85467923554
85467953585
85467392564
85546928879
82846925735
8546795358
86792581385
85467281954
85467923255
85467882654
85576923285
85467923585
85579495888
82562456666
89565673555
85569236785
89592378565
85444444444
89999999999
85853628856
85629378525
85679535886
86532879562
85469282562
85629735692
83873629525
83869695852
85269725859
85629375825
85629378295
86937412585
85679325811
85692378265
89673625236
85679852132
85769231556
86923785656
86795321592
86792358169
86972531695
86392587556
89637582656
82638741252
86528754511
85693274122
85693285756
86932174565
85693214555
82154631254
85265321489
85612354898
83177564396
83177595643
83896499112
83899178911
81379654218
83897546321
85678493128
85621396458
85641752193
83865468971
81254698718
853125489791
85464559452
88456943592
82314569872
86452935624
85462913564
85612975463
85945672894
85945628756
85648523975
85649254862
85642563756
85642587954
85627854523
85627845692
85648564123
85467954456
85469731524
85465435789
85467231285
85467928795
85462189546
85465364859
85463558958
85461237894
85615896472
812465218964
81396238542
838568962471
85236479851
82198745216
896421598763
89677125648
85634138421
81396472513
856423698752
85835481257
85236974802
85696478051
83847256813
85289670852
89634521084
81363218759
89542369742
89507423151
89688012541
89665532487
89677564801
82175682314
82354239799
85467845564
85462579538
85469546536
85467895546
85468554693
85648794356
85467932255
85467923554
85467953585
85467392564
85546928879
82846925735
8546795358
86792581385
85467281954
85467923255
85467882654
85576923285
85467923585
85579495888
82562456666
89565673555
85569236785
89592378565
85444444444
89999999999
85853628856
85629378525
85679535886
86532879562
85469282562
85629735692
83873629525
83869695852
85269725859
85629375825
85629378295
86937412585
85679325811
85692378265
89673625236
85679852132
85769231556
86923785656
86795321592
86792358169
86972531695
86392587556
89637582656
82638741252
86528754511
85693274122
85693285756
86932174565
85693214555
86795125442
85792516354
86932458545
85274563211
85478524556
85251673848
85679232542
85629738815
89698046352
87546923281
86932545454
86795312806
86795234505
89576325168
85669324080
85794358256
87694355281
87694328819
85769232581
81276994282
82376952212
81273956522
82367955455
85769232818
82137985282
88464325182
86325879525
82672581365
85693274152
85663932474
85693245212
86932547128
86395247156
85943584642
85463275892
85642879552
82759236158
86251358795
82541367895
87251369585
86932578495
89763254965
85642397452
83899463212
838489647123
86953725815
85222559325
86658524478
89632588562
87546943258
87569231258
86325695255
87946352859
87943328465
87695358185
87659535825
082276423375
082276627462
085355303032
082278754746
082346789556
0821465973154
821346195463
821457691523
082184647447
082276858587
085182973805
82134697546
082275592318
085183723972
082294069302
82164577846
82164378594
82147596321
82165592346
822467958638
82164335782
085137417351
085261538004
085134577832
081371327402
081364885526
085184146671
082163223452
085137417359
082267218060
082267027646
82174125836
82236978521
82146953628
82246958856
82246911362
85264316589
85269321478
82345897682
8536945728
082276557502
085134577780
085142236384
082276872254
085134150633
085142549849
082281379407
085137417350
085183898861
085360038412
82254636985
82214444852
8532146985
82154588869
82148597668
85264856934
82178946852
85214859632
82269584723
82154685996
085182940876
082276417663
085180570794
085381288190
082275204597
081360368961
085363134767
82146978536
85269457823
82146985692
85326956842
82196358476
89636557585
89632478956
89563285695
85236518742
83172869856
83821996536
82174859632
89562348157
89653467852
82264798536
89631648795
82243112946
83145721965
85348759632
82214679582
89564321458
82314785236
82164643280
89653214785
82146589052
82134861897
83177258421
85612587637
81373519873
81296453871
85643521489
831771254871
85643215742
83812564381
85623452191
85643125487
856435421981
82147698563
82147412586
838156489732
85631254671
82138425175
82154631254
85265321489
85612354898
83177564396
83177595643
83896499112
83899178911
81379654218
83897546321
85678493128
85621396458
85641752193
83865468971
81254698718
853125489791
85464559452
88456943592
82314569872
86452935624
85462913564
85612975463
85945672894
85945628756
85648523975
85649254862
85642563756
85642587954
85627854523
85627845692
85648564123
85467954456
85469731524
85465435789
85467231285
85467928795
85462189546
85465364859
85463558958
85461237894
85615896472
812465218964
81396238542
838568962471
85236479851
82198745216
896421598763
89677125648
85634138421
81396472513
856423698752
85835481257
85236974802
85696478051
83847256813
85289670852
89634521084
81363218759
89542369742
89507423151
89688012541
89665532487
89677564801
82175682314
82354239799
85467845564
85462579538
85469546536
85467895546
85468554693
85648794356
85467932255
85467923554
85467953585
85467392564
85546928879
82846925735
8546795358
86792581385
85467281954
85467923255
85467882654
85576923285
85467923585
85579495888
82562456666
89565673555
85569236785
89592378565
85444444444
89999999999
85853628856
85629378525
85679535886
86532879562
85469282562
85629735692
83873629525
83869695852
85269725859
85629375825
85629378295
86937412585
85679325811
85692378265
89673625236
85679852132
85769231556
86923785656
86795321592
86792358169
86972531695
86392587556
89637582656
82638741252
86528754511
85693274122
85693285756
86932174565
85693214555
86795125442
85792516354
86932458545
85274563211
85478524556
85251673848
85679232542
85629738815
89698046352
87546923281
86932545454
86795312806
86795234505
89576325168
85669324080
85794358256
87694355281
87694328819
85769232581
81276994282
82376952212
81273956522
82367955455
85769232818
82137985282
88464325182
86325879525
82672581365
85693274152
85663932474
85693245212
86932547128
86395247156
85943584642
85463275892
85642879552
82759236158
86251358795
82541367895
87251369585
86932578495
89763254965
85642397452
83899463212
838489647123
86953725815
85222559325
86658524478
89632588562
87546943258
87569231258
86325695255
87946352859
87943328465
87695358185
87659535825